-4.500000000000000000e+01
-6.000000000000000000e+01
-6.750000000000000000e+01
-6.375000000000000000e+01
-6.187500000000000000e+01
-6.281249999999999289e+01
-6.328124999999999289e+01
-6.304687500000000000e+01
-6.316406250000000711e+01
-6.322265625000000711e+01
-6.325195312500000711e+01
-6.323730468750000711e+01
-6.322998046875000000e+01
-6.322631835937500711e+01
-6.322448730468750711e+01
-6.322357177734375000e+01
-6.322311401367188211e+01
-6.322288513183593750e+01
-6.322277069091796875e+01
-6.322271347045899148e+01
-6.322268486022949929e+01
-6.322267055511475320e+01
-6.322266340255738726e+01
-6.322265982627870073e+01
