-4.500000000000000000e+01
-6.000000000000000000e+01
-6.750000000000000000e+01
-6.375000000000000000e+01
-6.187500000000000000e+01
-6.093750000000000000e+01
-6.140624999999999289e+01
-6.117187500000000000e+01
-6.128906250000000000e+01
-6.134765624999999289e+01
-6.131835937499999289e+01
-6.130371093749999289e+01
-6.131103515624999289e+01
-6.130737304687498579e+01
-6.130554199218748579e+01
-6.130462646484374289e+01
-6.130416870117186079e+01
-6.130393981933592329e+01
-6.130382537841795454e+01
-6.130376815795897016e+01
-6.130373954772947798e+01
